4 3 1 5 8 2 7 9 6 
7 6 2 9 4 3 1 8 5 
5 9 8 7 1 6 3 2 4 
9 7 3 1 2 4 5 6 8 
8 4 5 6 7 9 2 3 1 
1 2 6 3 5 8 4 7 9 
2 1 9 8 3 5 6 4 7 
6 5 4 2 9 7 8 1 3 
3 8 7 4 6 1 9 5 2 
4 3 1 5 8 2 7 9 6 
7 6 2 9 4 3 1 8 5 
5 9 8 7 1 6 3 2 4 
9 7 3 1 2 4 5 6 8 
8 4 5 6 7 9 2 3 1 
1 2 6 3 5 8 4 7 9 
2 1 9 8 3 5 6 4 7 
6 5 4 2 9 7 8 1 3 
3 8 7 4 6 1 9 5 2 
0 1 0 1 0 0 0 1 1 
0 1 0 0 0 0 0 0 0 
0 1 0 0 0 0 0 1 1 
0 1 0 0 1 1 0 0 0 
1 1 1 1 0 0 1 1 0 
0 0 0 0 0 1 1 0 0 
0 0 0 0 0 0 1 0 0 
1 1 0 0 1 1 0 0 1 
0 1 1 0 1 0 1 1 1 
08:30